filename: C:\Users\om3169\Repos\pygcodedecode\examples\benchy\data\benchy.gcode
max_extr_trav_vel: 80.00000000000001
t_end: 6370.579013452461
x_max: 119.764
x_min: 40.0
y_max: 105.277
y_min: -2.0
z_max: 48.05
z_min: 0.2
